generated_code_8.py
    F 5:0 sum_product - A

1 blocks (classes, functions, methods) analyzed.
Average complexity: A (2.0)
generated_code_8.py - A (99.42)
generated_code_8.py
    LOC: 22
    LLOC: 9
    SLOC: 8
    Comments: 0
    Single comments: 0
    Multi: 6
    Blank: 8
    - Comment Stats
        (C % L): 0%
        (C % S): 0%
        (C + M % L): 27%
generated_code_8.py:
    h1: 2
    h2: 3
    N1: 2
    N2: 4
    vocabulary: 5
    length: 6
    calculated_length: 6.754887502163469
    volume: 13.931568569324174
    difficulty: 1.3333333333333333
    effort: 18.575424759098897
    time: 1.0319680421721609
    bugs: 0.004643856189774725
